1   L70      Lawes 1970 G01 2.387  1.445    4.25  8.45   36.70 20.895
2   L70      Lawes 1970 G02 2.282  1.450    4.25  9.95   37.55 20.740
3   L70      Lawes 1970 G03 2.567  1.460    3.75 10.85   37.80 21.295
4   L70      Lawes 1970 G04 2.877  1.260    3.50 10.05   38.45 21.990
5   L70      Lawes 1970 G05 2.392  1.335    3.50 11.00   37.50 22.130
6   L70      Lawes 1970 G06 2.408  1.360    4.00 11.75   38.25 21.160
7   L70      Lawes 1970 G07 2.699  1.300    3.00 11.75   37.35 21.700
8   L70      Lawes 1970 G08 2.457  0.955    3.25 10.00   35.20 21.145
9   L70      Lawes 1970 G09 2.567  1.030    3.00 11.25   35.90 21.495
10  L70      Lawes 1970 G10 2.984  1.155    3.75 10.85   39.70 20.430
11  L70      Lawes 1970 G11 1.663  1.420    4.50  6.95   40.25 19.090
12  L70      Lawes 1970 G12 1.964  1.435    4.25  8.35   40.30 18.745
13  L70      Lawes 1970 G13 1.472  1.585    4.50  9.30   41.15 19.180
14  L70      Lawes 1970 G14 2.720  1.330    4.00  8.25   37.40 20.760
15  L70      Lawes 1970 G15 2.220  1.370    4.25  9.30   36.65 20.685
16  L70      Lawes 1970 G16 1.655  1.700    4.75  9.15   39.65 20.435
17  L70      Lawes 1970 G17 1.722  1.280    4.25  8.40   43.70 17.455
18  L70      Lawes 1970 G18 1.432  1.495    4.50  7.80   42.40 17.400
19  L70      Lawes 1970 G19 1.434  1.370    4.25  8.50   41.05 19.395
20  L70      Lawes 1970 G20 0.998  1.320    4.50  8.95   41.10 18.215
21  L70      Lawes 1970 G21 1.373  1.575    4.25  8.95   37.80 18.645
22  L70      Lawes 1970 G22 2.185  1.345    4.25  8.65   40.35 18.950
23  L70      Lawes 1970 G23 2.405  1.485    4.25  8.60   41.55 18.675
24  L70      Lawes 1970 G24 2.643  1.460    3.75 10.85   40.70 21.200
25  L70      Lawes 1970 G25 2.315  1.460    3.50 10.05   37.45 22.055
26  L70      Lawes 1970 G26 3.211  1.180    4.00  9.55   39.75 20.070
27  L70      Lawes 1970 G27 2.239  1.180    3.50  9.60   39.00 20.710
28  L70      Lawes 1970 G28 2.775  1.625    4.25  8.55   38.40 21.030
29  L70      Lawes 1970 G29 1.848  1.130    4.00  9.65   39.35 19.935
30  L70      Lawes 1970 G30 1.402  1.435    4.25  9.75   41.60 18.910
31  L70      Lawes 1970 G31 2.562  1.220    3.75  8.55   39.35 20.165
32  L70      Lawes 1970 G32 3.003  1.730    3.50  9.65   42.15 18.695
33  L70      Lawes 1970 G33 2.395  1.410    4.00 10.70   38.30 20.825
34  L70      Lawes 1970 G34 2.400  1.475    4.00  8.00   38.35 20.135
35  L70      Lawes 1970 G35 2.341  1.105    3.50  9.10   40.60 19.635
36  L70      Lawes 1970 G36 1.980  0.915    3.50  7.95   44.00 17.910
37  L70      Lawes 1970 G37 2.166  1.700    4.25  8.65   42.80 19.155
38  L70      Lawes 1970 G38 2.341  1.170    4.50  9.90   39.25 20.740
39  L70      Lawes 1970 G39 2.435  1.610    4.50  9.70   40.55 19.930
40  L70      Lawes 1970 G40 1.556  1.205    4.00  9.25   41.20 19.625
41  L70      Lawes 1970 G41 1.967  1.385    4.50 11.30   39.90 20.970
42  L70      Lawes 1970 G42 2.241  1.360    3.75 14.00   41.40 21.370
43  L70      Lawes 1970 G43 1.369  1.105    3.75  7.20   42.20 17.995
44  L70      Lawes 1970 G44 1.456  0.875    2.00 16.90   40.40 20.940
45  L70      Lawes 1970 G45 3.259  0.785    2.75 23.25   37.00 23.735
46  L70      Lawes 1970 G46 1.440  0.810    1.75 16.50   39.60 22.030
47  L70      Lawes 1970 G47 2.298  0.850    2.00 21.00   36.80 23.830
48  L70      Lawes 1970 G48 4.381  0.760    3.75 18.85   38.15 24.430
49  L70      Lawes 1970 G49 2.761  1.080    3.00 19.70   35.50 21.825
50  L70      Lawes 1970 G50 3.375  0.835    2.75 17.90   39.90 24.565
51  L70      Lawes 1970 G51 0.586  0.790    2.75 15.95   41.65 19.660
52  L70      Lawes 1970 G52 0.775  0.660    2.00 15.30   41.00 20.210
53  L70      Lawes 1970 G53 2.748  0.940    3.25 22.00   37.65 24.400
54  L70      Lawes 1970 G54 2.734  0.710    1.00 21.50   40.20 22.905
55  L70      Lawes 1970 G55 2.306  0.860    2.00 20.15   40.80 22.315
56  L70      Lawes 1970 G56 3.170  0.740    2.00 19.40   39.80 22.585
57  L70      Lawes 1970 G57 3.119  0.800    2.25 19.80   40.60 23.180
58  L70      Lawes 1970 G58 1.227  0.810    3.50 16.10   40.90 20.780
59  B70 Brookstead 1970 G01 1.253  1.015    3.25  8.85   39.50 18.850
60  B70 Brookstead 1970 G02 1.167  1.130    2.75  8.90   38.60 19.835
61  B70 Brookstead 1970 G03 0.468  1.155    2.25 10.80   37.80 20.355
62  B70 Brookstead 1970 G04 1.445  1.235    1.50 10.60   38.70 20.385
63  B70 Brookstead 1970 G05 1.338  1.120    2.00 11.95   37.80 20.780
64  B70 Brookstead 1970 G06 0.913  1.105    2.25 11.00   37.40 19.920
65  B70 Brookstead 1970 G07 1.239  1.130    2.00 10.25   37.85 20.290
66  B70 Brookstead 1970 G08 0.385  1.120    2.25  6.15   38.50 17.880
67  B70 Brookstead 1970 G09 1.108  1.040    1.75  8.30   37.90 20.050
68  B70 Brookstead 1970 G10 1.796  1.045    2.00 11.85   38.35 19.745
69  B70 Brookstead 1970 G11 1.023  1.015    3.25  6.85   41.15 17.915
70  B70 Brookstead 1970 G12 0.793  1.095    3.00  5.40   43.60 16.785
71  B70 Brookstead 1970 G13 0.577  1.255    3.00  6.70   41.75 17.150
72  B70 Brookstead 1970 G14 1.348  1.045    2.75  8.15   38.30 18.835
73  B70 Brookstead 1970 G15 1.645  1.025    2.75  7.80   39.25 19.115
74  B70 Brookstead 1970 G16 0.859  0.540    3.00  9.15   40.60 19.070
75  B70 Brookstead 1970 G17 1.209  1.090    3.00  6.90   44.60 16.220
76  B70 Brookstead 1970 G18 1.164  1.040    3.00  5.90   44.60 15.655
77  B70 Brookstead 1970 G19 0.595  1.205    2.75  6.65   43.00 17.400
78  B70 Brookstead 1970 G20 1.387  1.115    3.00  7.70   45.00 17.315
79  B70 Brookstead 1970 G21 1.469  0.940    3.00  7.30   40.80 17.590
80  B70 Brookstead 1970 G22 1.865  0.890    2.50  7.90   45.80 16.960
81  B70 Brookstead 1970 G23 1.316  1.140    2.50  7.00   42.80 17.300
82  B70 Brookstead 1970 G24 2.153  0.990    2.50  9.85   38.95 20.495
83  B70 Brookstead 1970 G25 1.148  1.190    2.25  7.75   38.20 20.165
84  B70 Brookstead 1970 G26 2.023  1.130    2.25  8.80   38.60 19.920
85  B70 Brookstead 1970 G27 2.420  1.220    2.00 10.70   40.90 19.415
86  B70 Brookstead 1970 G28 1.706  1.170    3.00  7.60   38.20 19.990
87  B70 Brookstead 1970 G29 0.779  1.195    2.50  7.80   40.35 17.965
88  B70 Brookstead 1970 G30 0.424  1.070    2.50  5.75   40.25 16.495
89  B70 Brookstead 1970 G31 1.595  1.055    2.50  8.05   40.65 19.270
90  B70 Brookstead 1970 G32 1.710  1.155    2.50  8.55   43.60 18.415
91  B70 Brookstead 1970 G33 2.832  1.180    2.75  9.05   39.35 19.745
92  B70 Brookstead 1970 G34 1.704  1.180    2.50  7.90   40.20 18.760
93  B70 Brookstead 1970 G35 1.403  1.055    2.50  8.65   40.10 19.150
94  B70 Brookstead 1970 G36 0.814  1.105    3.25  6.20   40.95 16.560
95  B70 Brookstead 1970 G37 1.467  1.040    3.25  7.60   44.45 17.420
96  B70 Brookstead 1970 G38 2.137  0.940    2.00  9.05   40.85 19.760
97  B70 Brookstead 1970 G39 2.349  1.105    2.75  8.70   42.75 19.360
98  B70 Brookstead 1970 G40 1.770  1.245    3.75  9.85   41.85 19.125
99  B70 Brookstead 1970 G41 2.230  1.320    4.50 10.30   41.30 19.755
100 B70 Brookstead 1970 G42 1.215  1.320    3.00 15.40   41.95 19.150
101 B70 Brookstead 1970 G43 0.975  0.915    3.25  6.35   41.75 16.905
102 B70 Brookstead 1970 G44 1.352  0.860    1.75 14.05   39.35 19.715
103 B70 Brookstead 1970 G45 2.789  0.775    1.75 22.10   35.85 22.175
104 B70 Brookstead 1970 G46 2.269  0.800    1.00 15.15   37.05 23.080
105 B70 Brookstead 1970 G47 2.405  0.875    1.25 20.05   38.95 22.460
106 B70 Brookstead 1970 G48 2.729  0.930    1.75 16.00   37.90 24.095
107 B70 Brookstead 1970 G49 2.810  1.070    2.50 20.00   37.25 21.825
108 B70 Brookstead 1970 G50 3.160  0.940    1.25 15.65   34.20 25.045
109 B70 Brookstead 1970 G51 0.939  0.710    1.25 18.55   40.50 20.345
110 B70 Brookstead 1970 G52 0.466  0.560    1.25 10.20   40.35 17.370
111 B70 Brookstead 1970 G53 2.886  0.900    1.50 18.30   38.40 23.535
112 B70 Brookstead 1970 G54 1.037  0.675    1.25 19.45   37.00 22.105
113 B70 Brookstead 1970 G55 2.327  0.710    1.00 15.05   37.40 24.925
114 B70 Brookstead 1970 G56 2.523  0.765    1.50 19.85   39.25 22.205
115 B70 Brookstead 1970 G57 2.824  0.710    1.25 21.50   41.40 22.140
116 B70 Brookstead 1970 G58 0.617  0.660    1.00 16.50   42.10 19.415
117 N70    Nambour 1970 G01 2.263  0.750    2.25  9.25   34.25 22.330
118 N70    Nambour 1970 G02 2.164  0.710    2.00  9.35   37.60 22.445
119 N70    Nambour 1970 G03 2.354  0.685    1.50 11.90   35.50 23.680
120 N70    Nambour 1970 G04 2.125  0.710    1.50 12.75   34.35 23.175
121 N70    Nambour 1970 G05 2.583  0.710    1.25 12.70   33.20 24.820
122 N70    Nambour 1970 G06 2.451  0.595    1.25 11.95   35.10 23.170
123 N70    Nambour 1970 G07 2.354  0.645    1.50 12.75   34.15 24.100
124 N70    Nambour 1970 G08 1.967  0.595    1.50 12.55   35.75 21.445
125 N70    Nambour 1970 G09 2.236  0.710    1.50 10.60   34.55 23.100
126 N70    Nambour 1970 G10 1.636  0.595    1.00  9.50   33.70 22.045
127 N70    Nambour 1970 G11 1.932  0.650    2.25  8.00   37.05 22.355
128 N70    Nambour 1970 G12 1.951  0.785    3.25  8.15   38.70 20.945
129 N70    Nambour 1970 G13 1.787  0.860    2.50  8.55   37.65 21.710
130 N70    Nambour 1970 G14 2.282  0.725    1.50  8.65   34.80 22.745
131 N70    Nambour 1970 G15 1.978  0.760    1.75  9.40   37.65 22.130
132 N70    Nambour 1970 G16 1.938  0.710    2.25  9.25   36.40 23.010
133 N70    Nambour 1970 G17 1.916  0.685    2.00  8.45   39.60 20.230
134 N70    Nambour 1970 G18 1.865  0.835    2.25  8.75   38.00 20.100
135 N70    Nambour 1970 G19 1.956  0.760    2.50  9.90   39.45 20.455
136 N70    Nambour 1970 G20 1.900  0.685    1.50  9.85   38.95 19.930
137 N70    Nambour 1970 G21 2.062  0.825    2.75  8.80   37.10 20.880
138 N70    Nambour 1970 G22 1.763  0.685    1.50  9.30   37.50 20.340
139 N70    Nambour 1970 G23 1.932  0.825    1.75  7.55   36.35 20.755
140 N70    Nambour 1970 G24 2.403  0.725    2.25 10.90   38.90 22.455
141 N70    Nambour 1970 G25 2.640  0.710    1.50 11.10   36.60 24.010
142 N70    Nambour 1970 G26 1.572  0.610    1.00 10.80   37.85 21.960
143 N70    Nambour 1970 G27 2.312  0.760    1.25  9.65   36.75 22.740
144 N70    Nambour 1970 G28 2.077  0.700    1.50  8.75   33.20 23.395
145 N70    Nambour 1970 G29 2.035  0.785    2.50 10.10   37.90 21.370
146 N70    Nambour 1970 G30 1.684  0.875    1.50  9.05   35.95 22.135
147 N70    Nambour 1970 G31 2.074  0.800    1.50  8.05   36.80 21.985
148 N70    Nambour 1970 G32 2.115  0.955    2.50 10.75   39.20 21.300
149 N70    Nambour 1970 G33 1.849  0.775    1.50 10.60   34.70 22.800
150 N70    Nambour 1970 G34 1.816  0.940    1.75  7.65   36.50 22.350
151 N70    Nambour 1970 G35 1.921  0.800    1.75  9.50   36.25 21.030
152 N70    Nambour 1970 G36 1.569  0.835    2.00 13.25   35.55 21.555
153 N70    Nambour 1970 G37 1.797  0.910    1.50  9.05   39.90 20.625
154 N70    Nambour 1970 G38 1.972  0.660    1.25 10.80   37.75 22.800
155 N70    Nambour 1970 G39 1.938  0.910    1.50  9.50   37.45 22.950
156 N70    Nambour 1970 G40 1.407  0.825    1.00  8.95   37.75 22.400
157 N70    Nambour 1970 G41 1.598  0.825    1.50 12.75   37.65 22.015
158 N70    Nambour 1970 G42 1.760  1.000    2.25 18.15   37.75 21.910
159 N70    Nambour 1970 G43 1.593  0.725    1.50  7.80   36.20 21.235
160 N70    Nambour 1970 G44 1.020  0.435    1.00 14.50   35.55 24.520
161 N70    Nambour 1970 G45 2.377  0.420    1.00 16.00   35.55 25.240
162 N70    Nambour 1970 G46 1.162  0.395    1.00 15.55   34.35 25.650
163 N70    Nambour 1970 G47 1.819  0.535    1.00 15.75   38.80 23.505
164 N70    Nambour 1970 G48 2.250  0.420    1.00 15.35   35.95 25.800
165 N70    Nambour 1970 G49 1.941  0.495    1.00 13.40   33.25 25.725
166 N70    Nambour 1970 G50 1.806  0.435    1.00 17.80   34.95 26.845
167 N70    Nambour 1970 G51 0.983  0.395    1.00 14.75   38.45 23.460
168 N70    Nambour 1970 G52 0.710  0.330    1.00 14.05   36.45 24.640
169 N70    Nambour 1970 G53 1.972  0.480    1.00 19.75   39.55 23.615
170 N70    Nambour 1970 G54 1.838  0.455    1.00 19.05   37.40 25.920
171 N70    Nambour 1970 G55 1.897  0.300    1.00 16.85   38.00 24.570
172 N70    Nambour 1970 G56 1.916  0.410    1.00 20.25   39.05 23.580
173 N70    Nambour 1970 G57 1.983  0.355    1.00 18.60   38.95 24.755
174 N70    Nambour 1970 G58 0.282  0.395    1.00 17.35   39.20 20.845
175 R70 RedlandBay 1970 G01 0.778  0.900    3.25  6.25   40.75 15.920
176 R70 RedlandBay 1970 G02 1.087  0.900    3.75  7.35   40.95 17.645
177 R70 RedlandBay 1970 G03 1.580  0.835    2.25  8.50   39.80 19.975
178 R70 RedlandBay 1970 G04 1.986  1.005    2.50  8.85   39.95 21.075
179 R70 RedlandBay 1970 G05 2.035  0.850    2.25  9.65   37.40 21.425
180 R70 RedlandBay 1970 G06 1.353  0.930    3.00  9.30   38.00 19.910
181 R70 RedlandBay 1970 G07 1.811  0.900    2.25  7.85   37.70 20.735
182 R70 RedlandBay 1970 G08 1.165  0.890    1.75  7.90   39.50 19.130
183 R70 RedlandBay 1970 G09 1.927  0.930    2.25  8.65   38.20 19.760
184 R70 RedlandBay 1970 G10 1.517  0.850    2.75 10.30   39.35 20.015
185 R70 RedlandBay 1970 G11 0.455  1.005    3.50  4.00   42.90 14.230
186 R70 RedlandBay 1970 G12 0.492  1.050    3.25  4.10   41.75 13.880
187 R70 RedlandBay 1970 G13 0.644  0.995    3.75  6.35   42.60 15.210
188 R70 RedlandBay 1970 G14 1.022  1.105    3.75  6.55   40.05 17.320
189 R70 RedlandBay 1970 G15 1.334  1.000    3.00  7.10   40.45 17.375
190 R70 RedlandBay 1970 G16 0.737  0.965    3.50  7.05   42.85 15.410
191 R70 RedlandBay 1970 G17 0.487  0.890    3.25  5.65   44.75 13.060
192 R70 RedlandBay 1970 G18 0.667  1.080    3.50  4.65   46.00 13.615
193 R70 RedlandBay 1970 G19 0.969  1.215    4.00  8.65   43.20 18.325
194 R70 RedlandBay 1970 G20 0.793  1.080    4.00  6.95   43.90 14.845
195 R70 RedlandBay 1970 G21 0.716  0.860    3.00  6.65   43.60 13.030
196 R70 RedlandBay 1970 G22 0.557  0.980    3.00  5.45   45.05 13.395
197 R70 RedlandBay 1970 G23 0.622  1.005    2.75  5.25   41.55 14.075
198 R70 RedlandBay 1970 G24 1.254  0.900    3.00  7.10   40.75 18.055
199 R70 RedlandBay 1970 G25 1.596  1.090    3.75  7.05   40.10 18.585
200 R70 RedlandBay 1970 G26 1.556  0.995    3.50  7.30   40.25 17.285
201 R70 RedlandBay 1970 G27 1.590  0.925    3.00  7.50   40.55 17.410
202 R70 RedlandBay 1970 G28 0.810  1.115    3.25  5.05   39.80 16.750
203 R70 RedlandBay 1970 G29 1.359  1.445    4.25  8.00   41.15 18.685
204 R70 RedlandBay 1970 G30 0.928  1.070    2.50  6.65   44.60 16.245
205 R70 RedlandBay 1970 G31 0.517  0.930    3.50  6.70   42.55 15.650
206 R70 RedlandBay 1970 G32 1.042  0.955    2.75  6.80   43.80 16.070
207 R70 RedlandBay 1970 G33 1.471  1.015    3.50  8.85   40.15 19.075
208 R70 RedlandBay 1970 G34 0.987  0.990    3.50  6.05   42.70 16.265
209 R70 RedlandBay 1970 G35 1.141  1.120    3.00  7.10   40.95 17.050
210 R70 RedlandBay 1970 G36 0.365  0.915    3.75  6.15   42.90 14.320
211 R70 RedlandBay 1970 G37 1.302  1.120    3.25  8.45   42.10 17.985
212 R70 RedlandBay 1970 G38 1.114  0.825    3.00  7.05   40.95 17.305
213 R70 RedlandBay 1970 G39 1.515  1.280    4.25  6.85   42.90 18.210
214 R70 RedlandBay 1970 G40 1.440  0.995    3.50  6.25   43.25 17.265
215 R70 RedlandBay 1970 G41 1.669  1.040    4.25  8.80   40.90 20.810
216 R70 RedlandBay 1970 G42 1.222  1.095    3.50 13.25   44.50 20.795
217 R70 RedlandBay 1970 G43 1.111  1.005    2.25  4.65   41.75 16.065
218 R70 RedlandBay 1970 G44 3.070  0.610    2.00 16.00   37.20 23.815
219 R70 RedlandBay 1970 G45 2.535  0.560    2.00 16.55   36.75 24.105
220 R70 RedlandBay 1970 G46 3.394  0.495    2.25 18.30   37.95 23.425
221 R70 RedlandBay 1970 G47 2.938  0.605    1.75 17.10   37.80 25.095
222 R70 RedlandBay 1970 G48 3.025  0.520    2.50 15.80   38.25 24.525
223 R70 RedlandBay 1970 G49 3.620  1.020    3.50 14.20   36.30 23.410
224 R70 RedlandBay 1970 G50 3.084  0.595    2.25 14.55   40.20 24.760
225 R70 RedlandBay 1970 G51 2.153  0.610    2.50 18.65   38.75 23.995
226 R70 RedlandBay 1970 G52 2.280  0.545    2.25 13.55   38.15 24.545
227 R70 RedlandBay 1970 G53 3.286  0.585    2.25 17.65   38.35 24.575
228 R70 RedlandBay 1970 G54 3.227  0.685    2.00 18.75   37.20 25.815
229 R70 RedlandBay 1970 G55 3.299  0.430    1.25 18.40   38.90 24.345
230 R70 RedlandBay 1970 G56 4.126  0.560    2.25 18.95   38.00 23.955
231 R70 RedlandBay 1970 G57 3.671  0.545    1.75 16.65   38.20 23.675
232 R70 RedlandBay 1970 G58 2.667  0.620    2.00 17.70   37.45 24.630
233 L71      Lawes 1971 G01 2.788  0.970    2.50  8.35   39.40 18.665
234 L71      Lawes 1971 G02 2.618  0.785    2.25  9.75   40.60 19.790
235 L71      Lawes 1971 G03 2.476  0.955    2.25 11.40   37.40 20.930
236 L71      Lawes 1971 G04 2.917  0.760    1.25 11.10   36.90 20.255
237 L71      Lawes 1971 G05 2.137  0.760    1.75 11.90   38.70 20.890
238 L71      Lawes 1971 G06 2.863  0.650    1.75 12.15   38.10 20.745
239 L71      Lawes 1971 G07 2.974  0.800    1.50 11.25   37.45 20.970
240 L71      Lawes 1971 G08 1.649  0.900    2.50 11.80   36.65 19.675
241 L71      Lawes 1971 G09 3.100  0.825    2.00 12.25   37.10 20.325
242 L71      Lawes 1971 G10 3.005  0.785    1.75 12.05   37.85 19.505
243 L71      Lawes 1971 G11 1.897  0.875    3.00  7.40   43.45 17.585
244 L71      Lawes 1971 G12 1.644  1.155    3.25  7.45   44.45 16.595
245 L71      Lawes 1971 G13 1.967  1.080    3.50  8.25   42.20 17.265
246 L71      Lawes 1971 G14 2.447  0.865    2.75  7.65   38.45 18.525
247 L71      Lawes 1971 G15 2.627  0.675    1.75  9.05   40.70 17.850
248 L71      Lawes 1971 G16 2.255  0.980    2.75  8.45   37.40 18.750
249 L71      Lawes 1971 G17 1.811  0.995    3.00  7.45   45.50 16.000
250 L71      Lawes 1971 G18 1.924  1.245    3.25  8.60   43.65 16.135
251 L71      Lawes 1971 G19 2.729  0.760    2.50  8.50   42.25 17.590
252 L71      Lawes 1971 G20 1.938  0.970    3.75  7.40   45.15 16.415
253 L71      Lawes 1971 G21 1.781  1.105    3.00  7.35   37.60 16.980
254 L71      Lawes 1971 G22 1.475  1.070    4.00  7.70   44.35 15.970
255 L71      Lawes 1971 G23 2.037  0.955    2.50  6.55   42.60 16.875
256 L71      Lawes 1971 G24 2.914  0.840    1.75 10.25   40.55 20.210
257 L71      Lawes 1971 G25 2.662  0.925    2.00  9.00   38.90 19.955
258 L71      Lawes 1971 G26 3.135  0.865    1.75 10.85   40.80 18.850
259 L71      Lawes 1971 G27 3.019  0.855    1.25 10.25   39.80 18.920
260 L71      Lawes 1971 G28 2.774  0.735    2.25  8.15   38.95 19.505
261 L71      Lawes 1971 G29 2.120  0.940    2.50  9.30   42.20 18.225
262 L71      Lawes 1971 G30 2.435  1.015    2.50  8.80   43.55 17.035
263 L71      Lawes 1971 G31 2.317  0.940    1.75  8.00   40.15 18.325
264 L71      Lawes 1971 G32 3.009  1.045    1.50  8.35   41.55 17.180
265 L71      Lawes 1971 G33 3.097  1.000    2.25  9.85   37.00 18.925
266 L71      Lawes 1971 G34 2.349  0.825    1.75  7.00   41.20 17.925
267 L71      Lawes 1971 G35 2.495  0.970    1.75  7.75   41.15 18.155
268 L71      Lawes 1971 G36 1.513  0.890    3.25  7.10   43.75 16.925
269 L71      Lawes 1971 G37 2.817  1.095    2.50  7.45   43.55 17.700
270 L71      Lawes 1971 G38 2.546  0.790    1.50  9.20   38.60 18.925
271 L71      Lawes 1971 G39 2.608  0.940    1.75  8.25   42.15 18.335
272 L71      Lawes 1971 G40 2.428  0.905    1.75  9.25   42.25 18.730
273 L71      Lawes 1971 G41 2.658  1.015    2.25  9.65   39.70 19.140
274 L71      Lawes 1971 G42 2.476  1.080    1.75 15.85   40.75 19.930
275 L71      Lawes 1971 G43 1.738  0.915    2.75  7.55   40.70 16.925
276 L71      Lawes 1971 G44 2.772  0.725    2.00 14.00   36.90 22.195
277 L71      Lawes 1971 G45 3.824  0.560    1.25 19.65   36.30 23.730
278 L71      Lawes 1971 G46 2.998  0.520    1.25 15.75   36.75 23.250
279 L71      Lawes 1971 G47 2.977  0.610    1.25 17.60   38.85 23.435
280 L71      Lawes 1971 G48 3.571  0.545    1.25 16.95   39.10 24.085
281 L71      Lawes 1971 G49 3.437  0.660    1.25 18.55   37.50 23.070
282 L71      Lawes 1971 G50 3.111  0.535    1.50 16.95   40.05 23.515
283 L71      Lawes 1971 G51 1.415  0.420    1.25 17.75   38.70 21.650
284 L71      Lawes 1971 G52 1.862  0.435    1.25 14.05   38.30 22.745
285 L71      Lawes 1971 G53 2.941  0.510    1.50 18.40   37.45 23.580
286 L71      Lawes 1971 G54 1.926  0.455    1.00 17.00   37.50 24.125
287 L71      Lawes 1971 G55 3.049  0.405    1.50 20.55   42.05 22.905
288 L71      Lawes 1971 G56 2.804  0.470    1.25 17.85   38.50 22.880
289 L71      Lawes 1971 G57 3.391  0.685    1.50 19.45   38.60 22.815
290 L71      Lawes 1971 G58 1.440  0.440    1.00 19.00   37.35 22.720
291 B71 Brookstead 1971 G01 2.559  0.965    3.25  8.90   40.30 18.235
292 B71 Brookstead 1971 G02 2.340  0.835    2.75 10.90   41.75 18.750
293 B71 Brookstead 1971 G03 2.874  0.980    3.25 12.40   39.75 19.570
294 B71 Brookstead 1971 G04 3.009  0.900    2.25 12.75   38.50 19.520
295 B71 Brookstead 1971 G05 2.537  0.975    3.25 13.30   39.40 19.900
296 B71 Brookstead 1971 G06 1.877  0.940    3.25 12.85   37.60 19.550
297 B71 Brookstead 1971 G07 2.557  0.950    2.75 14.00   37.40 19.530
298 B71 Brookstead 1971 G08 1.613  0.915    3.00 12.30   37.70 18.985
299 B71 Brookstead 1971 G09 2.240  0.850    2.75 11.95   39.55 18.240
300 B71 Brookstead 1971 G10 2.597  0.810    2.50 13.45   39.95 18.610
301 B71 Brookstead 1971 G11 2.212  1.080    3.25  7.40   43.35 16.485
302 B71 Brookstead 1971 G12 1.885  1.120    4.00  8.35   44.00 16.075
303 B71 Brookstead 1971 G13 2.008  1.130    2.75  8.75   46.00 16.650
304 B71 Brookstead 1971 G14 2.765  1.130    3.50  7.55   41.00 18.035
305 B71 Brookstead 1971 G15 2.353  1.120    2.75  9.45   44.15 17.530
306 B71 Brookstead 1971 G16 2.075  1.120    2.75  9.55   41.95 18.700
307 B71 Brookstead 1971 G17 1.671  0.970    3.00  6.85   44.95 14.985
308 B71 Brookstead 1971 G18 1.493  0.980    3.00  7.70   48.10 14.730
309 B71 Brookstead 1971 G19 1.620  1.145    3.50  7.90   45.45 16.665
310 B71 Brookstead 1971 G20 1.673  1.045    2.75  8.60   47.90 15.770
311 B71 Brookstead 1971 G21 1.853  1.130    3.00  8.40   42.70 16.735
312 B71 Brookstead 1971 G22 2.076  0.990    2.75  8.65   48.50 15.535
313 B71 Brookstead 1971 G23 2.367  1.030    3.00  7.45   44.25 16.935
314 B71 Brookstead 1971 G24 2.331  0.980    3.00 11.50   42.00 19.195
315 B71 Brookstead 1971 G25 2.271  0.950    2.50 10.40   39.45 19.365
316 B71 Brookstead 1971 G26 2.935  0.980    2.25 11.85   43.80 19.195
317 B71 Brookstead 1971 G27 2.755  1.065    2.25 11.30   42.70 18.780
318 B71 Brookstead 1971 G28 2.337  1.055    3.50  8.70   41.60 19.180
319 B71 Brookstead 1971 G29 1.770  1.055    3.25  9.00   42.95 17.050
320 B71 Brookstead 1971 G30 1.110  0.965    3.25  8.75   45.20 15.565
321 B71 Brookstead 1971 G31 2.285  1.020    2.50  9.40   42.05 17.675
322 B71 Brookstead 1971 G32 2.252  1.170    3.00 10.00   43.35 17.285
323 B71 Brookstead 1971 G33 1.865  1.020    2.50 10.15   39.90 18.025
324 B71 Brookstead 1971 G34 2.039  1.070    3.00  8.40   41.75 18.450
325 B71 Brookstead 1971 G35 2.688  1.105    2.00  8.90   43.50 17.910
326 B71 Brookstead 1971 G36 1.737  1.045    2.50  7.65   44.80 16.110
327 B71 Brookstead 1971 G37 2.625  1.120    3.25  8.55   44.90 16.870
328 B71 Brookstead 1971 G38 2.289  0.940    2.50  9.60   42.70 18.670
329 B71 Brookstead 1971 G39 2.545  1.295    3.75  8.85   41.80 18.150
330 B71 Brookstead 1971 G40 2.551  1.070    4.50 11.25   42.25 19.120
331 B71 Brookstead 1971 G41 2.196  1.370    3.00 10.15   41.25 18.195
332 B71 Brookstead 1971 G42 2.366  1.045    2.25 17.10   44.65 19.200
333 B71 Brookstead 1971 G43 1.645  0.970    3.00  8.45   43.55 17.030
334 B71 Brookstead 1971 G44 3.033  0.760    3.00 18.65   41.45 20.015
335 B71 Brookstead 1971 G45 3.752  0.735    2.50 23.60   37.90 22.135
336 B71 Brookstead 1971 G46 3.368  0.735    2.75 18.10   38.30 20.495
337 B71 Brookstead 1971 G47 3.449  0.725    1.75 20.70   39.65 23.190
338 B71 Brookstead 1971 G48 3.084  0.790    2.25 17.90   38.10 23.820
339 B71 Brookstead 1971 G49 3.896  1.005    2.25 21.60   37.50 22.180
340 B71 Brookstead 1971 G50 3.614  0.750    3.00 19.30   40.20 23.320
341 B71 Brookstead 1971 G51 1.750  0.630    2.00 19.25   41.60 20.885
342 B71 Brookstead 1971 G52 2.370  0.580    1.50 14.55   41.30 20.080
343 B71 Brookstead 1971 G53 3.824  0.675    1.75 21.90   39.05 22.135
344 B71 Brookstead 1971 G54 2.450  0.670    1.00 20.75   38.80 23.405
345 B71 Brookstead 1971 G55 3.475  0.570    1.25 20.05   41.60 21.945
346 B71 Brookstead 1971 G56 3.542  0.690    1.25 21.45   41.05 22.100
347 B71 Brookstead 1971 G57 3.585  0.635    1.25 22.90   41.40 21.705
348 B71 Brookstead 1971 G58 2.440  0.675    1.50 19.00   36.50 22.080
349 N71    Nambour 1971 G01 2.097  0.725    1.25  7.30   38.50 19.285
350 N71    Nambour 1971 G02 2.600  0.595    1.00  9.45   40.95 20.665
351 N71    Nambour 1971 G03 2.532  0.610    1.00 11.30   41.65 19.945
352 N71    Nambour 1971 G04 3.025  0.700    1.00 12.10   39.40 21.810
353 N71    Nambour 1971 G05 2.524  0.660    1.25 12.10   37.20 22.325
354 N71    Nambour 1971 G06 2.855  0.570    1.00 11.35   37.90 21.815
355 N71    Nambour 1971 G07 2.887  0.685    1.00 11.85   37.40 22.255
356 N71    Nambour 1971 G08 2.645  0.570    1.00 12.50   39.35 21.055
357 N71    Nambour 1971 G09 2.234  0.605    1.00 10.60   39.35 20.825
358 N71    Nambour 1971 G10 2.667  0.570    1.00 11.10   38.35 19.985
359 N71    Nambour 1971 G11 2.080  0.700    1.50  5.90   40.75 18.240
360 N71    Nambour 1971 G12 1.781  0.760    1.75  5.90   42.90 16.590
361 N71    Nambour 1971 G13 2.093  0.890    1.75  6.65   42.60 17.820
362 N71    Nambour 1971 G14 2.567  0.775    1.75  7.70   38.40 19.350
363 N71    Nambour 1971 G15 2.199  0.725    1.50  7.95   40.85 18.865
364 N71    Nambour 1971 G16 2.161  0.750    1.50  7.70   40.50 19.365
365 N71    Nambour 1971 G17 1.760  0.800    2.00  6.25   43.70 15.865
366 N71    Nambour 1971 G18 1.515  0.790    2.00  6.70   44.55 15.760
367 N71    Nambour 1971 G19 2.333  0.690    1.50  7.90   42.25 18.885
368 N71    Nambour 1971 G20 2.526  0.710    1.75  7.75   42.45 18.080
369 N71    Nambour 1971 G21 2.433  0.765    1.50  7.35   41.10 18.265
370 N71    Nambour 1971 G22 2.155  0.725    1.50  6.75   44.10 16.145
371 N71    Nambour 1971 G23 1.891  0.750    1.25  6.20   42.05 16.830
372 N71    Nambour 1971 G24 2.460  0.620    1.25  8.90   42.55 18.745
373 N71    Nambour 1971 G25 2.618  0.635    1.00  8.80   40.10 22.350
374 N71    Nambour 1971 G26 2.153  0.535    1.00  9.80   42.15 18.965
375 N71    Nambour 1971 G27 2.659  0.570    1.00 10.70   43.80 19.310
376 N71    Nambour 1971 G28 1.862  0.750    1.50  6.85   38.45 20.005
377 N71    Nambour 1971 G29 2.567  0.785    2.00  9.30   41.55 19.515
378 N71    Nambour 1971 G30 1.284  0.825    2.25  7.65   46.65 16.935
379 N71    Nambour 1971 G31 1.991  0.815    1.25  7.05   40.35 18.250
380 N71    Nambour 1971 G32 2.707  0.835    1.75  9.65   41.95 19.080
381 N71    Nambour 1971 G33 2.624  0.740    1.50  8.80   38.05 20.375
382 N71    Nambour 1971 G34 2.333  0.835    1.75  7.30   42.05 18.775
383 N71    Nambour 1971 G35 2.296  0.760    1.25  7.25   41.65 18.060
384 N71    Nambour 1971 G36 2.257  0.735    1.75  7.60   42.05 18.775
385 N71    Nambour 1971 G37 2.029  0.875    1.75  7.15   42.50 18.230
386 N71    Nambour 1971 G38 2.377  0.570    1.00  8.25   41.35 19.530
387 N71    Nambour 1971 G39 2.460  0.880    1.75  7.35   40.55 19.445
388 N71    Nambour 1971 G40 2.393  0.675    1.50  9.25   43.65 19.175
389 N71    Nambour 1971 G41 2.341  0.785    1.00  9.00   39.90 21.450
390 N71    Nambour 1971 G42 2.583  0.775    1.25 16.10   44.75 19.955
391 N71    Nambour 1971 G43 2.086  0.785    1.50  7.10   41.40 17.905
392 N71    Nambour 1971 G44 2.037  0.395    1.00 17.00   38.85 22.520
393 N71    Nambour 1971 G45 2.815  0.420    1.00 17.15   38.85 22.495
394 N71    Nambour 1971 G46 2.255  0.435    1.00 17.25   39.00 22.745
395 N71    Nambour 1971 G47 2.349  0.365    1.00 18.40   40.85 21.470
396 N71    Nambour 1971 G48 2.516  0.445    1.00 14.85   38.80 23.820
397 N71    Nambour 1971 G49 3.329  0.535    1.00 19.90   39.00 23.175
398 N71    Nambour 1971 G50 2.891  0.340    1.00 16.75   43.15 22.555
399 N71    Nambour 1971 G51 1.279  0.410    1.00 21.00   42.60 21.550
400 N71    Nambour 1971 G52 1.289  0.355    1.00 16.70   40.25 22.555
401 N71    Nambour 1971 G53 3.160  0.420    1.00 21.80   41.75 22.630
402 N71    Nambour 1971 G54 1.751  0.355    1.00 20.15   40.65 23.500
403 N71    Nambour 1971 G55 1.808  0.250    1.00 19.55   43.30 22.170
404 N71    Nambour 1971 G56 2.565  0.345    1.00 19.20   42.40 21.405
405 N71    Nambour 1971 G57 2.344  0.395    1.00 18.70   41.20 22.125
406 N71    Nambour 1971 G58 1.334  0.365    1.00 20.10   40.75 22.800
407 R71 RedlandBay 1971 G01 1.179  0.970    2.25  6.75   42.10 16.855
408 R71 RedlandBay 1971 G02 1.897  0.740    1.75  7.95   42.70 18.860
409 R71 RedlandBay 1971 G03 2.023  0.835    1.50  9.10   39.85 19.670
410 R71 RedlandBay 1971 G04 2.166  0.965    1.75 10.50   40.40 20.360
411 R71 RedlandBay 1971 G05 2.435  0.835    1.50 10.60   37.75 21.420
412 R71 RedlandBay 1971 G06 2.210  0.825    1.50  9.75   39.05 20.400
413 R71 RedlandBay 1971 G07 2.766  0.860    1.50 10.05   39.90 20.515
414 R71 RedlandBay 1971 G08 2.347  0.835    2.00  9.00   40.70 19.190
415 R71 RedlandBay 1971 G09 2.495  0.885    1.50 10.15   40.35 19.540
416 R71 RedlandBay 1971 G10 2.887  0.800    1.75 10.55   39.45 19.675
417 R71 RedlandBay 1971 G11 0.861  0.990    3.25  4.90   46.90 16.450
418 R71 RedlandBay 1971 G12 0.991  0.910    2.50  5.05   45.30 15.470
419 R71 RedlandBay 1971 G13 1.147  1.040    3.00  5.85   47.50 15.305
420 R71 RedlandBay 1971 G14 0.667  0.885    2.00  5.45   44.90 14.980
421 R71 RedlandBay 1971 G15 1.517  0.990    2.25  6.75   44.20 17.030
422 R71 RedlandBay 1971 G16 1.442  0.940    2.25  6.30   43.15 17.420
423 R71 RedlandBay 1971 G17 0.913  1.045    3.25  6.10   47.75 15.990
424 R71 RedlandBay 1971 G18 1.030  0.915    2.75  6.95   45.25 17.195
425 R71 RedlandBay 1971 G19 1.125  0.940    2.75  5.75   44.80 16.465
426 R71 RedlandBay 1971 G20 1.144  0.955    3.25  6.95   46.05 16.615
427 R71 RedlandBay 1971 G21 0.944  1.070    3.00  6.80   46.80 16.480
428 R71 RedlandBay 1971 G22 1.521  0.990    3.00  6.90   47.45 15.260
429 R71 RedlandBay 1971 G23 0.842  0.990    2.75  5.20   46.95 14.640
430 R71 RedlandBay 1971 G24 1.523  0.915    2.00  8.30   41.95 18.515
431 R71 RedlandBay 1971 G25 1.751  0.900    2.00  8.05   41.50 19.055
432 R71 RedlandBay 1971 G26 2.118  0.825    1.50  8.85   44.05 17.475
433 R71 RedlandBay 1971 G27 2.392  0.875    1.75  9.45   42.05 18.105
434 R71 RedlandBay 1971 G28 0.928  0.885    2.25  7.30   42.80 17.545
435 R71 RedlandBay 1971 G29 1.666  1.270    3.00  8.05   43.70 19.475
436 R71 RedlandBay 1971 G30 1.103  0.965    2.50  5.90   48.00 15.970
437 R71 RedlandBay 1971 G31 0.996  0.915    2.25  7.75   44.80 17.380
438 R71 RedlandBay 1971 G32 1.846  1.400    2.50  7.85   46.05 16.485
439 R71 RedlandBay 1971 G33 1.986  0.885    2.25  8.00   42.80 17.975
440 R71 RedlandBay 1971 G34 1.574  1.080    2.00  6.90   45.80 16.085
441 R71 RedlandBay 1971 G35 1.346  1.280    2.00  7.90   44.80 16.490
442 R71 RedlandBay 1971 G36 0.976  0.925    2.75  5.95   47.80 15.545
443 R71 RedlandBay 1971 G37 1.346  0.980    3.00  6.50   48.10 15.815
444 R71 RedlandBay 1971 G38 1.515  0.785    2.00  7.70   42.70 17.285
445 R71 RedlandBay 1971 G39 1.369  1.400    2.50  7.40   45.40 17.235
446 R71 RedlandBay 1971 G40 1.203  1.020    2.00  8.05   44.50 17.645
447 R71 RedlandBay 1971 G41 1.951  0.965    2.25 10.30   44.30 18.880
448 R71 RedlandBay 1971 G42 2.613  0.810    2.50 14.90   43.45 19.815
449 R71 RedlandBay 1971 G43 1.496  0.925    2.50  7.05   43.95 18.420
450 R71 RedlandBay 1971 G44 2.707  0.635    1.25 14.90   38.55 21.660
451 R71 RedlandBay 1971 G45 1.905  0.610    1.00 13.30   39.30 21.665
452 R71 RedlandBay 1971 G46 1.983  0.610    1.00 13.25   36.95 22.515
453 R71 RedlandBay 1971 G47 3.005  0.610    1.00 17.65   40.55 22.410
454 R71 RedlandBay 1971 G48 2.812  0.665    1.50 14.15   40.25 22.210
455 R71 RedlandBay 1971 G49 3.998  0.905    1.75 17.20   36.60 22.610
456 R71 RedlandBay 1971 G50 2.755  0.505    1.50 14.45   41.50 21.820
457 R71 RedlandBay 1971 G51 1.752  0.560    1.00 18.25   40.35 21.310
458 R71 RedlandBay 1971 G52 1.919  0.545    1.00 14.50   37.95 22.205
459 R71 RedlandBay 1971 G53 2.174  0.610    1.00 13.85   39.05 22.525
460 R71 RedlandBay 1971 G54 2.169  0.575    1.00 16.80   38.60 24.250
461 R71 RedlandBay 1971 G55 2.056  0.330    1.00 15.15   40.45 21.545
462 R71 RedlandBay 1971 G56 1.916  0.520    1.00 12.20   40.60 20.390
463 R71 RedlandBay 1971 G57 2.166  0.445    1.00 15.75   42.15 21.435
464 R71 RedlandBay 1971 G58 2.298  0.650    1.25 13.00   37.35 22.270
